0
3
5
5
7
9
10
10
11
12
13
15
18
19
19
19
20
23
26
26
29
32
34
37
37
38
40
42
44
44
47
47
47
47
48
51
51
51
53
55
56
58
60
61
63
64
64
65
67
69
70
71
71
72
74
74
75
78
79
79
81
82
85
88
89
89
89
89
92
93
94
95
96
99
100
101
101
103
104
106
108
109
112
114
117
117
119
122
125
128
128
130
131
134
135
137
138
139
140
141
144
146
147
147
148
151
153
156
157
160
160
162
165
166
167
168
169
172
173
175
176
178
179
181
182
185
186
186
186
189
190
191
194
196
198
200
203
204
204
204
204
204
206
206
208
211
211
213
215
217
217
217
217
218
219
221
224
226
228
228
229
231
232
235
235
237
240
241
241
243
245
248
249
249
249
251
253
255
257
257
258
259
259
260
263
264
264
266
269
270
273
275
276
276
278
280
281
281
281
284
284
286
287
287
290
293
293
293
295
297
300
300
303
303
303
303
304
307
307
310
310
311
312
313
313
314
315
318
320
323
324
325
327
330
333
336
339
340
340
340
340
340
343
345
348
350
353
353
354
357
358
360
360
362
364
364
365
367
369
370
373
375
377
378
378
379
379
380
380
381
381
382
382
382
385
385
388
388
389
391
393
393
394
396
396
398
400
401
403
403
406
409
409
409
410
412
415
418
419
420
420
423
425
428
429
430
430
433
435
436
437
439
439
442
445
447
448
449
451
454
454
454
457
457
457
460
460
460
462
465
468
471
474
475
478
479
481
484
485
488
488
491
491
493
496
497
500
502
502
503
505
506
506
507
508
508
510
511
511
513
516
518
518
521
522
522
523
523
524
524
526
528
530
532
532
532
534
534
534
535
535
538
539
541
543
543
545
545
546
548
549
551
551
554
554
557
560
562
565
568
571
571
572
572
574
575
575
576
578
579
582
582
583
584
585
585
585
588
591
593
594
594
596
599
602
602
602
605
606
606
608
609
611
614
614
616
619
621
623
625
625
626
629
630
631
634
635
636
638
639
639
639
641
644
647
649
651
653
654
657
659
661
664
666
666
666
667
668
670
673
675
675
676
677
679
679
681
683
683
683
684
686
688
688
688
691
692
692
694
697
700
703
704
707
707
708
709
709
709
709
711
711
714
716
719
720
722
725
728
728
728
729
732
733
735
738
738
741
742
744
746
749
750
752
753
756
758
761
762
762
764
766
768
771
773
775
775
776
777
780
782
782
784
786
786
787
787
787
787
790
791
791
792
794
796
797
800
802
802
804
805
808
811
813
813
814
817
818
820
821
823
826
827
828
829
829
831
833
834
834
837
837
839
839
840
842
843
845
847
847
849
849
852
852
853
854
855
855
858
859
859
861
861
864
865
866
866
869
871
874
877
880
882
885
885
887
887
888
890
891
891
891
892
892
894
895
896
897
898
899
902
902
905
906
906
908
909
911
911
912
913
916
916
918
918
918
920
920
922
923
925
925
925
926
927
929
932
933
935
935
937
937
938
938
938
941
943
943
945
947
948
948
948
948
951
954
956
957
958
958
959
960
960
962
962
965
967
967
969
971
971
973
974
974
975
978
981
981
984
985
986
989
991
994
996
996
997
998
999
1000
1002
1003
1006
1009
1009
1010
1013
1014
1017
1019
1019
1021
1023
1025
1028
1029
1032
1035
1035
1035
1038
1040
1043
1045
1048
1051
1053
1054
1055
1058
1059
1061
1063
1064
1065
1066
1066
1066
1067
1069
1071
1072
1072
1075
1076
1077
1079
1081
1084
1087
1088
1091
1094
1094
1095
1095
1095
1095
1095
1096
1096
1096
1098
1098
1099
1100
1101
1104
1107
1110
1111
1111
1112
1112
1114
1114
1117
1119
1121
1124
1127
1128
1129
1131
1134
1135
1136
1139
1139
1140
1142
1142
1142
1142
1143
1143
1144
1144
1147
1147
1150
1152
1154
1157
1157
1160
1162
1163
1166
1166
1168
1171
1172
1174
1174
1174
1174
1175
1176
1179
1180
1183
1186
1189
1189
1190
1191
1191
1192
1194
1194
1197
1198
1199
1201
1203
1206
1208
1211
1214
1217
1219
1221
1223
1225
1228
1228
1229
1229
1229
1229
1229
1229
1231
1233
1235
1238
1239
1240
1240
1241
1242
1242
1245
1247
1250
1252
1252
1252
1255
1257
1260
1260
1261
1264
1265
1265
1265
1265
1267
1268
1269
1271
1273
1275
1275
1277
1279
1280
1280
1282
1283
1286
1288
1291
1294
1297
1299
1300
1303
1305
1308
1308
1309
1310
1310
1312
1314
1317
1317
1317
1318
1318
1321
1323
1325
1326
1326
1327
1330
1332
1333
1333
1334
1337
1339
1340
1341
1341
1341
1344
1346
1346
1347
1350
1350
1352
1354
1357
1360
1360
1360
1360
1362
1362
1363
1365
1366
1368
1368
1370
1370
1373
1376
1376
1379
1379
1381
1381
1384
1387
1387
1389
1391
1393
1396
1399
1402
1402
1405
1406
1409
1409
1410
1410
1410
1412
1414
1416
1418
1418
1419
1422
1424
1425
1428
1429
1429
1431
1432
